Detailed performance of cross validation for Logistic Regression 
,mean_fit_time,std_fit_time,mean_score_time,std_score_time,param_C,param_penalty,params,split0_test_score,split1_test_score,split2_test_score,mean_test_score,std_test_score,rank_test_score,split0_train_score,split1_train_score,split2_train_score,mean_train_score,std_train_score
0,8.527666648228964,2.8870250283391736,0.14400005340576172,0.07861725171144834,0.001,l2,"{'C': 0.001, 'penalty': 'l2'}",0.2769138755980861,0.2710644677661169,0.2722071665161096,0.2734,0.002533894136710328,18,0.31009615384615385,0.31222805701425355,0.30678245246294356,0.30970222110778367,0.0022405415244358385
1,8.200000127156576,1.6402441332940425,0.09066661198933919,0.01808007854734124,0.0014384498882876629,l2,"{'C': 0.0014384498882876629, 'penalty': 'l2'}",0.29246411483253587,0.28725637181409297,0.2917795844625113,0.2905,0.002311403216545878,15,0.3309795673076923,0.33983495873968494,0.32924090432699504,0.33335181012479076,0.004638904268051171
2,10.152333418528238,1.963996372002659,0.08266655604044597,0.030922813729975775,0.00206913808111479,l2,"{'C': 0.00206913808111479, 'penalty': 'l2'}",0.30442583732057416,0.30344827586206896,0.3080397470641373,0.3053,0.0019727851218710175,13,0.35486778846153844,0.3617404351087772,0.34735738883066325,0.35465520413365964,0.00587377783781083
3,10.33899998664856,2.0445313628986335,0.0646666685740153,0.028193916931045223,0.002976351441631319,l2,"{'C': 0.002976351441631319, 'penalty': 'l2'}",0.31638755980861244,0.3085457271364318,0.3215898825654923,0.3155,0.005358041441105751,11,0.37950721153846156,0.3842460615153788,0.37251085491840097,0.37875470932408045,0.004820336306069975
4,12.30299997329712,3.335842978002891,0.09533341725667317,0.0074086564774962565,0.004281332398719396,l2,"{'C': 0.004281332398719396, 'penalty': 'l2'}",0.3235645933014354,0.31784107946026985,0.33514001806684734,0.3255,0.007188701471338567,9,0.4050480769230769,0.4051012753188297,0.3985626590807007,0.40290400377420243,0.003069871096987025
5,11.723666667938232,4.035697501435952,0.08300018310546875,0.02060741774085541,0.006158482110660267,l2,"{'C': 0.006158482110660267, 'penalty': 'l2'}",0.33014354066985646,0.3238380809595202,0.34417344173441733,0.3327,0.008490819973609232,6,0.42833533653846156,0.42445611402850714,0.4249139092678545,0.4259017866116077,0.0017308991989059704
6,12.725333213806152,2.1403566197038195,0.0710000991821289,0.024913105875227347,0.008858667904100823,l2,"{'C': 0.008858667904100823, 'penalty': 'l2'}",0.3349282296650718,0.3250374812593703,0.34838903944595,0.3361,0.009561723427301013,4,0.45718149038461536,0.45161290322580644,0.4520137745171433,0.4536027227091884,0.0025358572520373154
7,12.855666637420654,1.930895674983571,0.08266655604044597,0.005185467262703834,0.012742749857031334,l2,"{'C': 0.012742749857031334, 'penalty': 'l2'}",0.3397129186602871,0.33193403298350826,0.3498946100572117,0.3405,0.0073477003022015454,2,0.4893329326923077,0.4774193548387097,0.4819583770025453,0.48290355484452085,0.004909402895339828
8,19.408000071843464,5.543123725784129,0.08033315340677898,0.028217508992302794,0.018329807108324356,l2,"{'C': 0.018329807108324356, 'penalty': 'l2'}",0.34120813397129185,0.3328335832083958,0.35049683830171635,0.3415,0.007208175953465567,1,0.5198317307692307,0.5099774943735934,0.5160952238359036,0.5153014829929092,0.004061938135886512
9,17.245333194732666,5.5490368782401145,0.06066672007242838,0.029510940865338973,0.026366508987303583,l2,"{'C': 0.026366508987303583, 'penalty': 'l2'}",0.33642344497607657,0.3310344827586207,0.34507678410117437,0.3375,0.005778746780653801,3,0.5515324519230769,0.545086271567892,0.5496331786195539,0.5487506340368409,0.002704622462655337
10,18.79200005531311,4.348474766812776,0.07833337783813477,0.023795396359971882,0.0379269019073225,l2,"{'C': 0.0379269019073225, 'penalty': 'l2'}",0.33104066985645936,0.33073463268365816,0.33935561577838,0.3337,0.003989992022670074,5,0.5854867788461539,0.5813953488372093,0.5863153166641712,0.5843991481158448,0.0021507713823524675
11,21.248666763305664,6.726464146560167,0.07766660054524739,0.017210983676192056,0.05455594781168517,l2,"{'C': 0.05455594781168517, 'penalty': 'l2'}",0.3307416267942584,0.33013493253373316,0.335742246311352,0.3322,0.002510071537773839,7,0.6155348557692307,0.618304576144036,0.6229974547087888,0.6189456288740184,0.0030801306449712664
12,26.778000116348267,7.113049735153851,0.11433323224385579,0.0579213656489889,0.07847599703514611,l2,"{'C': 0.07847599703514611, 'penalty': 'l2'}",0.32685406698564595,0.32413793103448274,0.32731105088828666,0.3261,0.0014003920577633714,8,0.6508413461538461,0.6495123780945237,0.6577331935918551,0.652695639280075,0.003603170280810668
13,22.42999990781148,3.746069285624898,0.08533342679341634,0.015456050364986111,0.11288378916846883,l2,"{'C': 0.11288378916846883, 'penalty': 'l2'}",0.32177033492822965,0.31784107946026985,0.3179765130984643,0.3192,0.0018227024617171162,10,0.6813401442307693,0.6813203300825206,0.6915705944003593,0.6847436895712163,0.004827357476559942
14,29.075666666030884,7.998854545716924,0.06999977429707845,0.04270838839403018,0.1623776739188721,l2,"{'C': 0.1623776739188721, 'penalty': 'l2'}",0.3145933014354067,0.30434782608695654,0.302318578741343,0.3071,0.005375403655699323,12,0.7104867788461539,0.7152288072018005,0.7221140889354694,0.7159432249944745,0.004773634503893337
15,30.4743332862854,8.476517901108352,0.05933340390523275,0.027776897481213,0.23357214690901212,l2,"{'C': 0.23357214690901212, 'penalty': 'l2'}",0.3047248803827751,0.29415292353823086,0.295091839807287,0.298,0.004781988207781022,14,0.7438401442307693,0.7401350337584396,0.7519089684084443,0.7452947154658843,0.004915500475988444
16,37.40266672770182,10.210816251816468,0.06099994977315267,0.020461315282770114,0.3359818286283781,l2,"{'C': 0.3359818286283781, 'penalty': 'l2'}",0.29395933014354064,0.2863568215892054,0.2875639867509786,0.2893,0.003339064179919507,16,0.7707331730769231,0.7696924231057765,0.7803563407695763,0.773593978984092,0.004800551552613127
17,32.1439999739329,5.632336709708484,0.05433336893717448,0.01388831522179751,0.4832930238571752,l2,"{'C': 0.4832930238571752, 'penalty': 'l2'}",0.284688995215311,0.27766116941529234,0.2764227642276423,0.2796,0.0036423053758904613,17,0.7941706730769231,0.7924981245311328,0.8032639616709089,0.7966442530929884,0.004730381302597995
18,32.30700000127157,0.5216569870076142,0.05366667111714681,0.015923443308941455,0.6951927961775606,l2,"{'C': 0.6951927961775606, 'penalty': 'l2'}",0.27870813397129185,0.26866566716641677,0.2679915688045769,0.2718,0.004904231626125915,19,0.8188100961538461,0.8160540135033758,0.8234765683485552,0.8194468926685924,0.00306351785352708
19,39.49066678682963,5.904494950210815,0.03099981943766276,0.002828503103139826,1.0,l2,"{'C': 1.0, 'penalty': 'l2'}",0.2682416267942584,0.26026986506746624,0.2610659439927733,0.2632,0.0035882524262501186,20,0.8426983173076923,0.8373593398349587,0.8465339122623147,0.8421971898016553,0.0037622281863438616
